108.86198107485643
110.15264872247992
111.41196411955386
112.63992726607825
113.83653816205306
115.00179680747833
116.13570320235402
117.23825734668017
118.30945924045677
119.34930888368379
120.35780627636126
121.33495141848918
122.28074431006752
123.19518495109631
124.07827334157555
124.93000948150522
125.75039337088533
126.53942500971591
127.29710439799692
128.02343153572835
128.71840642291022
129.38202905954256
130.0142994456253
130.61521758115853
131.18478346614216
131.72299710057626
132.2298584844608
132.70536761779576
133.14952450058118
133.56232913281704
133.94378151450334
134.29388164564008
134.61262952622727
134.9000251562649
135.15606853575295
135.38075966469145
135.5740985430804
135.73608517091978
135.8667195482096
135.96600167494987
136.0339315511406
136.0705091767817
136.0705
136.07573455187335
136.04960767641538
135.99212855040787
135.90329717385075
135.78311354674412
135.6315776690879
135.44868954088216
135.23444916212682
134.98885653282196
134.71191165296753
134.40361452256354
134.06396514160997
133.69296351010686
133.2906096280542
132.85690349545197
132.3918451123002
131.89543447859884
131.36767159434794
130.8085564595475
130.21808907419745
129.5962694382979
128.94309755184872
128.25857341485005
127.54269702730178
126.79546838920398
126.01688750055659
125.20695436135965
124.36566897161318
123.49303133131713
122.58904144047152
121.65369929907635
120.68700490713162
119.68895826463734
118.6595593715935
117.5988082280001
116.50670483385714
115.38324918916462
114.22844129392253
113.04228114813091
111.8247687517897
110.57590410489895
109.29568720745866
107.98411805946878
106.64119666092934
105.26692301184038
103.86129711220181
102.4243189620137
100.95598856127604
99.45630590998881
97.92527100815204
96.36288385576572
94.7691444528298
93.14405279934434
91.48760889530934
89.79981274072476
88.08066433559063
86.33016367990695
84.54831077367368