2.531308496145357e-15
692.109504
1400.044032
2123.2126080000003
2861.024256
3612.8880000000004
4378.212864
5156.407872
5946.882048
6749.044416000001
7562.304
8386.069824
9219.750912
10062.756288
10914.494976
11774.376
12641.808384
13516.201152
14396.963328000002
15283.503936
16175.232
17071.556544
17971.886592
18875.631168
19782.199296
20691
21601.442304
22512.935232
23424.887808
24336.709056
25247.808
26157.593664
27065.475072
27970.861248
28873.161216
29771.784
30666.138624
31555.634112
32439.679487999998
33317.683776
34189.056000000004
35053.205184
35909.540352
36757.470528000005
37596.404736000004
38425.752
39244.921344
40053.321792
40850.362368
41635.452096
42408
43167.415104
43913.106432
44644.483007999996
45360.953856
46061.928
46746.814463999995
47415.022272
48065.960448
48699.038016
49313.664000000004
49909.247424
50485.197312000004
51040.922688
51575.832576
52089.335999999996
52580.841984
53049.759552
53495.497727999995
53917.465536
54315.072
54687.726144
55034.836992
55355.813568
55650.064896
55917
56156.027904
56366.557632000004
56547.998208
56699.758656
56821.24800000001
56911.875263999995
56971.049472
56998.179648000005